[3.4688925e-05]
[4.818147e-05]
[5.9491416e-05]
[5.1116873e-05]
[4.363876e-05]
[5.8898706e-05]
[3.3821718e-05]
[6.577928e-05]
[5.852068e-05]
[6.3485975e-05]
[6.596824e-05]
[5.3724598e-05]
[3.717341e-05]
[5.0452432e-05]
[4.894354e-05]
[4.990063e-05]
[4.487306e-05]
[4.3339824e-05]
[4.5016037e-05]
[4.861272e-05]
[4.8068025e-05]
[5.2261792e-05]
[4.849474e-05]
[5.8425445e-05]
[5.663468e-05]
[3.315897e-05]
[4.8943355e-05]
[5.1269388e-05]
[4.1891086e-05]
[4.8826438e-05]
[5.735056e-05]
[6.2038845e-05]
[4.7844667e-05]
[7.2533316e-05]
[4.3463493e-05]
[5.9751135e-05]
[6.5385524e-05]
[4.3637265e-05]
[5.0058297e-05]
[6.393362e-05]
[6.0706607e-05]
[6.323125e-05]
[3.8571834e-05]
[4.5362514e-05]
[5.192913e-05]
[4.382242e-05]
[4.5249315e-05]
[5.5340122e-05]
[4.1917137e-05]
[4.746493e-05]
[4.6257876e-05]
[6.0840368e-05]
[5.6207904e-05]
[4.83291e-05]
[4.1380004e-05]
[5.4629953e-05]
[3.6854603e-05]
[3.7842998e-05]
[4.645379e-05]
[5.2060233e-05]
[4.6892474e-05]
[4.8581758e-05]
[5.4740718e-05]
[5.8091886e-05]
[5.0271276e-05]
[5.5898305e-05]
[4.9368806e-05]
[3.7055193e-05]
[5.4516295e-05]
[6.164467e-05]
[4.5210847e-05]
[4.7351725e-05]
[5.0314055e-05]
[5.6195688e-05]
[4.5976933e-05]
[5.9927344e-05]
[5.1320254e-05]
[7.452794e-05]
[4.535663e-05]
[5.273559e-05]
[3.6768946e-05]
[4.7402507e-05]
[4.7486847e-05]
[4.4865355e-05]
[4.5021363e-05]
[4.161412e-05]
[4.33686e-05]
[4.0149636e-05]
[4.4764492e-05]
[6.754901e-05]
[5.7179306e-05]
[4.954784e-05]
[4.1298325e-05]
[4.3205793e-05]
[6.80406e-05]
[4.7315432e-05]
[8.222596e-05]
[5.4696673e-05]
[5.3305925e-05]
[4.971103e-05]
[4.707905e-05]
[4.3896034e-05]
[4.007818e-05]
[5.6623663e-05]
[4.0762276e-05]
[4.6390403e-05]
[3.4862438e-05]
[4.1454572e-05]
[5.0273e-05]
[5.0398186e-05]
[4.2906384e-05]
[3.0023995e-05]
[5.411972e-05]
[5.2089832e-05]
[4.5150002e-05]
[2.8496112e-05]
[4.650344e-05]
[5.0389153e-05]
[4.2557236e-05]
[5.8334586e-05]
[3.8490267e-05]
[4.5821987e-05]
[4.7812377e-05]
[3.970688e-05]
[4.7106172e-05]
[5.5158664e-05]
[6.4474116e-05]
[4.2941425e-05]
[3.976721e-05]
[4.331454e-05]
[4.7093774e-05]
[4.392384e-05]
[5.4015363e-05]
[2.9051922e-05]
[4.2200463e-05]
[6.295496e-05]
[4.7202047e-05]
[5.0002764e-05]
[4.5838246e-05]
[4.09279e-05]
[4.839403e-05]
[5.6103585e-05]
[4.061994e-05]
[5.2292296e-05]
[4.4152297e-05]
[4.019714e-05]
[4.988864e-05]
[4.8905848e-05]
[4.656858e-05]
[4.4578082e-05]
[5.4406395e-05]
[4.551799e-05]
[4.6548874e-05]
[4.8416743e-05]
[5.9276455e-05]
[4.452981e-05]
[6.0205733e-05]
[4.9767004e-05]
[4.5464894e-05]
[6.729107e-05]
[3.736705e-05]
[5.636055e-05]
[4.035107e-05]
[6.3768486e-05]
[4.0507606e-05]
[5.1738927e-05]
[4.7768986e-05]
[4.841416e-05]
[4.619686e-05]
[6.029628e-05]
[4.4281667e-05]
[4.5205845e-05]
[5.0127084e-05]
[4.5815697e-05]
[3.644026e-05]
[4.357538e-05]
[5.465142e-05]
[4.2756397e-05]
[4.8464968e-05]
[5.0726256e-05]
[4.209901e-05]
[3.7625785e-05]
[4.75017e-05]
[5.705555e-05]
[3.9538507e-05]
[5.192418e-05]
[4.664254e-05]
[4.9145594e-05]
[3.0070072e-05]
[5.194558e-05]
[4.7813104e-05]
[4.4939523e-05]
[3.320314e-05]
[5.316844e-05]
[4.767324e-05]
[4.1763284e-05]
[4.7891044e-05]
[3.699941e-05]
[3.809268e-05]
[4.5228266e-05]
[5.097551e-05]
[4.6118334e-05]
[5.7975445e-05]
[6.385002e-05]
[4.3678232e-05]
[4.6508052e-05]
[4.6572844e-05]
[5.1955092e-05]
[3.6120982e-05]
[5.2076517e-05]
[4.528817e-05]
[5.422118e-05]
[3.8249644e-05]
[3.6691185e-05]
[4.096632e-05]
[5.1409213e-05]
[4.333503e-05]
[4.508031e-05]
[4.6961926e-05]
[4.820942e-05]
[4.549681e-05]
[5.2965413e-05]
[3.57858e-05]
[6.8742615e-05]
[6.200525e-05]
[4.581273e-05]
[4.5031153e-05]
[4.2702126e-05]
[5.279819e-05]
[4.6345474e-05]
[3.8668775e-05]
[4.1874628e-05]
[3.615738e-05]
[4.6921814e-05]
[4.1678297e-05]
[6.128385e-05]
[6.02078e-05]
[4.371123e-05]
[5.4856726e-05]
[4.1703584e-05]
[4.0712705e-05]
[4.0807397e-05]
[5.1905572e-05]
[5.6510813e-05]
[4.6464604e-05]
[4.287497e-05]
[5.333318e-05]
[6.279571e-05]
[5.1324172e-05]
[4.255967e-05]
[5.007568e-05]
[3.9386774e-05]
[4.296748e-05]
[4.654692e-05]
[3.9606737e-05]
[4.411492e-05]
[5.1383722e-05]
[5.2821153e-05]
[5.5401157e-05]
[4.160285e-05]
[6.9184025e-05]
[5.1445306e-05]
[6.068114e-05]
[5.0660707e-05]
[4.5791934e-05]
[3.856257e-05]
[4.2181957e-05]
[4.173382e-05]
[5.7202647e-05]
[3.799226e-05]
[3.8832255e-05]
[5.7330435e-05]
[4.5894056e-05]
[4.5371165e-05]
[3.6309135e-05]
[6.922494e-05]
[5.502816e-05]
[5.864001e-05]
[5.0154627e-05]
[6.0147653e-05]
[4.2322663e-05]
[4.366107e-05]
[4.2224296e-05]
[3.3326352e-05]
[7.064001e-05]
[5.433712e-05]
[5.0547205e-05]
[3.7415826e-05]
[4.658777e-05]
[6.072676e-05]
[6.092002e-05]
[5.797965e-05]
[4.6790978e-05]
[4.7955393e-05]
[5.2864496e-05]
[3.6295703e-05]
[4.4797293e-05]
[5.0999435e-05]
[4.2323954e-05]
[4.283247e-05]
[6.1832354e-05]
[3.5649828e-05]
[4.7164787e-05]
[4.0525843e-05]
[4.0936487e-05]
[3.616069e-05]
[4.4437504e-05]
[5.487598e-05]
[3.9414426e-05]
[4.279181e-05]
[4.052399e-05]
[5.9355414e-05]
[5.2831027e-05]
[4.7165508e-05]
[4.4093384e-05]
[3.586041e-05]
[4.089419e-05]
[4.383345e-05]
[5.298158e-05]
[5.5677203e-05]
[5.5290533e-05]
[5.0713687e-05]
[3.1735686e-05]
[5.5922617e-05]
[6.111926e-05]
[4.4011387e-05]
[6.507004e-05]
[5.0436847e-05]
[5.4196982e-05]
[5.2151463e-05]
[4.0757768e-05]
[6.318568e-05]
[5.9458976e-05]
[5.108237e-05]
[4.927079e-05]
[3.922544e-05]
[4.0681967e-05]
[5.977553e-05]
[6.0419225e-05]
[4.88747e-05]
[6.2092106e-05]
[4.5686902e-05]
[4.476654e-05]
[3.6100322e-05]
[4.3529697e-05]
[4.0122228e-05]
[4.8663558e-05]
[4.6468504e-05]
[4.417116e-05]
[4.1856903e-05]
[4.2906548e-05]
[5.9088627e-05]
[5.3143096e-05]
[5.1419804e-05]
[4.4246543e-05]
[5.2394724e-05]
[4.4477016e-05]
[4.929936e-05]
[3.8478964e-05]
[3.502439e-05]
[5.0369552e-05]
[5.2103347e-05]
[3.781428e-05]
[4.5454664e-05]
[5.8052232e-05]
[4.364442e-05]
[4.5199635e-05]
[4.6820976e-05]
[7.259255e-05]
[6.63779e-05]
[6.1117156e-05]
[4.4354354e-05]
[4.0445077e-05]
[4.870887e-05]
[4.3472115e-05]
[4.5939072e-05]
[4.0159746e-05]
[4.8908645e-05]
[3.288876e-05]
[4.1939686e-05]
[6.140787e-05]
[4.6117453e-05]
[5.4356817e-05]
[5.3728083e-05]
[4.99191e-05]
[6.046649e-05]
[4.9269285e-05]
[3.828307e-05]
[3.4006458e-05]
[5.6764882e-05]
[5.3121006e-05]
[5.051251e-05]
[4.128667e-05]
[4.2839172e-05]
[4.1081184e-05]
[6.267606e-05]
[4.06573e-05]
[5.3788783e-05]
[4.2099175e-05]
[5.2790132e-05]
[4.1556537e-05]
[4.2858945e-05]
[4.8873208e-05]
[5.2446914e-05]
[6.531299e-05]
[4.147324e-05]
[4.331487e-05]
[3.8520524e-05]
[4.7077076e-05]
[3.6862195e-05]
[5.3657015e-05]
[4.8598442e-05]
[5.6769215e-05]
[4.9253125e-05]
[7.409651e-05]
[3.9440893e-05]
[4.0983203e-05]
[6.025765e-05]
[7.8890596e-05]
[5.406174e-05]
[5.668244e-05]
[7.080511e-05]
[4.4562606e-05]
[3.5980578e-05]
[3.4601046e-05]
[5.1806466e-05]
[5.873111e-05]
[4.3228705e-05]
[5.449155e-05]
[6.1511484e-05]
[4.5287994e-05]
[4.263393e-05]
[5.85888e-05]
[3.3518354e-05]
[5.2875985e-05]
[6.008299e-05]
[6.635309e-05]
[4.379936e-05]
[5.82301e-05]
[4.948759e-05]
[3.960598e-05]
[4.990958e-05]
[4.0224444e-05]
[5.3490257e-05]
[4.485509e-05]
[3.9128452e-05]
[5.7773665e-05]
[4.5241894e-05]
[3.8394657e-05]
[5.2978143e-05]
[5.7753834e-05]
[5.3433367e-05]
[4.543733e-05]
[5.5931363e-05]
[5.5008433e-05]
[6.980723e-05]
[4.3338667e-05]
[4.1841096e-05]
[3.815303e-05]
[7.8730685e-05]
[5.819257e-05]
[5.403618e-05]
[4.5837718e-05]
[5.6373883e-05]
[4.845037e-05]
[4.1392635e-05]
[5.4881217e-05]
[5.6318433e-05]
[4.5383626e-05]
[4.305082e-05]
[5.4650587e-05]
[5.6366785e-05]
[5.029851e-05]
[4.3339656e-05]
[4.781967e-05]
[4.3916298e-05]
[4.463491e-05]
[4.368273e-05]
[6.312449e-05]
[5.1671086e-05]
[4.0090563e-05]
[3.851097e-05]
[4.5397133e-05]
[4.6379788e-05]
[4.736817e-05]
[5.4118274e-05]
[4.6200737e-05]
[3.204895e-05]
[7.050623e-05]
[4.022813e-05]
[4.618647e-05]
[5.9236896e-05]
[4.312264e-05]
[5.9702834e-05]
[5.2469328e-05]
[4.44872e-05]
[3.7336697e-05]
[4.8946902e-05]
[4.0136158e-05]
[4.3286458e-05]
[4.813169e-05]
[5.2815107e-05]
[6.490099e-05]
[7.071254e-05]
[6.1379294e-05]
[5.1947758e-05]
[6.72613e-05]
[5.7562494e-05]
[5.079519e-05]
[5.1859064e-05]
[3.9262268e-05]
[5.423938e-05]
[5.5008226e-05]
[5.452378e-05]
[5.1399213e-05]
[3.5415473e-05]
[4.75501e-05]
[6.2401254e-05]
[3.1380332e-05]
[3.949992e-05]
[5.8137546e-05]
[3.621093e-05]
[4.290246e-05]
[6.224839e-05]
[5.052523e-05]
[5.438585e-05]
[4.3787164e-05]
[5.2933097e-05]
[6.586766e-05]
[4.9351485e-05]
[4.5767832e-05]
[5.295067e-05]
[6.505738e-05]
[6.2533494e-05]
[7.784052e-05]
[6.204972e-05]
[8.5590276e-05]
[7.7952245e-05]
[8.763854e-05]
[7.6619486e-05]
[9.815771e-05]
[9.27417e-05]
[9.27417e-05]
[8.93495e-05]
[0.0001072]
[8.125909e-05]
[0.00010111]
[0.00010956]
[0.00012543]
[8.0924416e-05]
[0.00011308]
[0.0001173]
[0.00010096]
[0.00010026]
[0.00012775]
[6.577978e-05]
[8.9802576e-05]
[8.3199266e-05]
[9.6547636e-05]
[0.00011259]
[0.00012244]
[0.00010351]
[0.00011623]
[0.00013071]
[8.883976e-05]
[0.00011021]
[9.833308e-05]
[8.047776e-05]
[0.00010016]
[0.00015938]
[0.00013802]
[0.00019265]
[0.00011474]
[0.00016948]
[0.0001344]
[0.00020347]
[0.00018615]
[9.576787e-05]
[0.00014633]
[0.00015481]
[0.00012933]
[0.00016535]
[0.00019074]
[0.00023254]
[0.00017487]
[0.00012724]
[0.00013603]
[0.00011911]
[0.00026364]
[0.00011141]
[0.00012995]
[0.00015605]
[0.00011054]
[0.00015455]
[0.0001487]
[0.00011436]
[0.0001984]
[0.00019633]
[0.00014139]
[0.00015653]
[0.0001353]
[0.00031627]
[0.00019459]
[0.00034171]
[0.00013983]
[0.00021845]
[0.0002839]
[0.00019077]
[0.00014733]
[0.00018723]
[0.00041278]
[0.00013704]
[0.00020214]
[0.00020023]
[0.00024516]
[0.00035957]
[0.00019078]
[0.00028296]
[0.00014691]
[0.00012817]
[0.00018769]
[0.00019726]
[0.00018796]
[0.00018603]
[0.00022867]
[0.00031077]
[0.00017719]
[0.00026616]
[0.00018448]
[0.00028389]
[0.00019165]
[0.00023434]
[0.00027411]
[0.00016735]
[0.00028024]
[0.00020652]
[0.00017347]
[0.00030512]
[0.00022337]
[0.00028793]
[0.00024053]
[0.0002667]
[0.0001873]
[0.00033832]
[0.00028182]
[0.00042654]
[0.00025129]
[0.00062198]
[0.00059654]
[0.00047746]
[0.00049102]
[0.00044297]
[0.0002518]
[0.00027291]
[0.00058372]
[0.00034856]
[0.00038722]
[0.00046988]
[0.00063255]
[0.00053461]
[0.00069166]
[0.00039979]
[0.00051689]
[0.00035494]
[0.00052704]
[0.00032639]
[0.0005696]
[0.0005282]
[0.00047679]
[0.00049842]
[0.00041673]
[0.00032455]
[0.00054028]
[0.00023649]
[0.00058403]
[0.0002007]
[0.0005028]
[0.00034244]
[0.00032788]
[0.00028135]
[0.00028317]
[0.00038057]
[0.00033541]
[0.00055657]
[0.00051949]
[0.00068796]
[0.0003525]
[0.0004852]
[0.00040029]
[0.00023991]
[0.00047875]
[0.00064684]
[0.00085918]
[0.00029515]
[0.00035644]
[0.00038774]
[0.00055176]
[0.0005361]
[0.00058435]
[0.00044885]
[0.00070625]
[0.00150082]
[0.08452187]
[0.07592604]
[0.15668455]
[0.09980343]
[0.1221958]
[0.17182401]
[0.09536121]
[0.12387922]
[0.09568618]
[0.06134924]
[0.04923045]
[0.05602266]
[0.07616647]
[0.0754441]
[0.10610293]
[0.04868994]
[0.0617591]
[0.06255005]
[0.10140948]
[0.09193081]
[0.04335831]
[0.05175454]
[0.05368823]
[0.0419504]
[0.05354692]
[0.06305951]
[0.0495976]
[0.02804157]
[0.04416491]
[0.03541369]
[0.04776284]
[0.04989622]
[0.01720009]
[0.02279318]
[0.01865343]
[0.01462412]
[0.0124701]
[0.00876729]
[0.00811825]
[0.00553937]
[0.00871747]
[0.00523868]
[0.00436443]
[0.00351555]
[0.00996569]
[0.00381126]
[0.00508736]
[0.00304996]
[0.0057599]
[0.00432492]
[0.00331144]
[0.00514101]
[0.00199571]
[0.00229663]
[0.00125532]
[0.00175131]
[0.0011719]
[0.00132149]
[0.00158451]
[0.00113757]
[0.00087008]
[0.0010305]
[0.00083587]
[0.00049599]
[0.00052076]
[0.00056683]
[0.00050894]
[0.00056212]
[0.00055893]
[0.00045006]
[0.0004278]
[0.0005683]
[0.00034598]
[0.00040701]
[0.00047151]
[0.00031693]
[0.00026068]
[0.00038547]
[0.00025996]
[0.00010343]
[0.00022368]
[0.00020402]
[0.00032446]
[0.00014853]
[0.00025873]
[0.00019901]
[0.00030555]
[0.0003141]
[0.00044539]
[0.00030892]
[0.00058808]
[0.0003509]
[0.00043387]
[0.00025037]
[0.00030413]
[0.00038814]
[0.00033135]
[0.00050984]
[0.0005923]
[0.00053594]
[0.0005653]
[0.00065619]
[0.00035274]
[0.00055531]
[0.0003073]
[0.00068356]
[0.00048093]
[0.00035889]
[0.00058359]
[0.0004833]
[0.0004877]
[0.00054738]
[0.00049603]
[0.00064277]
[0.00074104]
[0.00039916]
[0.00093157]
[0.00066444]
[0.00089897]
[0.00069277]
[0.00082828]
[0.01478484]
[0.00722372]
[0.00621882]
[0.00379077]
[0.00686812]
[0.0047704]
[0.00841631]
[0.00833098]
[0.01377269]
[0.02586749]
[0.0121237]
[0.03124351]
[0.0326652]
[0.04902943]
[0.020881]
[0.02135953]
[0.03372855]
[0.03835231]
[0.02867877]
[0.02689829]
[0.03604796]
[0.0916535]
[0.04159691]
[0.04743288]
[0.05645148]
[0.03981633]
[0.05079738]
[0.06129501]
[0.07056627]
[0.04464599]
[0.02782045]
[0.03716843]
[0.02173843]
[0.06886496]
[0.06119214]
[0.03096908]
[0.02489046]
[0.01969442]
[0.02240249]
[0.01651404]
[0.01882726]
[0.02185409]
[0.01385798]
[0.01381457]
[0.00908103]
[0.01479256]
[0.0100102]
[0.00714071]
[0.01261752]
[0.03950512]
[0.02587893]
[0.01878327]
[0.02302243]
[0.01409798]
[0.01397308]
[0.01785193]
[0.01223043]
[0.02237202]
[0.02052539]
[0.01570008]
[0.00973072]
[0.01623401]
[0.01797791]
[0.02615617]
[0.02981816]
[0.01777318]
[0.02221313]
[0.02540158]
[0.01038978]
[0.00186942]
[0.002834]
[0.00147736]
[0.00190012]
[0.00221903]
[0.00081083]
[0.00228747]
[0.00285084]
[0.00176378]
[0.00365283]
[0.00540548]
[0.00887831]
[0.00876507]
[0.02839766]
[0.06421351]
[0.07964508]
[0.10556468]
[0.07979005]
[0.02782344]
[0.02230479]
[0.01913303]
[0.03744092]
[0.03716312]
[0.09765082]
[0.04687977]
[0.02135148]
[0.03367526]
[0.02291824]
[0.03753631]
[0.04094532]
[0.11923406]
[0.07876731]
[0.03651774]
[0.03448861]
[0.01494146]
[0.00366198]
[0.00849717]
[0.0202161]
[0.00591492]
[0.01513225]
[0.0412241]
[0.04571261]
[0.4041314]
[0.9112702]
[0.4449856]
[0.26554012]
[0.4032113]
[0.04037084]
[0.03696759]
[0.04960263]
[0.05325055]
[0.2895629]
[0.02720179]
[0.17957872]
[0.01031922]
[0.01046646]
[0.03797549]
[0.02036031]
[0.01675346]
[0.33720413]
[0.7200071]
[0.06435554]
[0.21173929]
[0.10849433]
[0.5074808]
[0.38776073]
[0.96824753]
[0.6199736]
[0.9174551]
[0.96259224]
[0.9882491]
[0.9970296]
[0.999249]
[0.9959959]
[0.9994106]
[0.9993859]
[0.9994604]
[0.9994591]
[0.99552864]
[0.99960274]
[0.99987906]
[0.9999267]
[0.99994344]
[0.9999113]
[0.99959433]
[0.9999955]
[0.99983215]
[0.9999903]
[0.99999076]
[0.99995685]
